,0,1,2,3,4,5
0,Sanction post of Government employee by category 2011,,,,,
1,Moulvibazar,,,,,
2,,,,,,
3,Upazila,Class-I,Class-II,Class-III,Class-IV,Number of employee
4,Barlekha,21,29,206,76,332
5,Juri,35,23,431,86,575
6,Kamalganj,17,22,107,58,204
7,Kulaura,55,44,1461,132,1692
8,Moulvibazar Sadar,152,128,984,463,1727
9,Rajnagar,34,22,268,140,464
10,Sreemangal,35,100,1427,805,2367
11,Total,349,368,4884,1760,7361
