,0,1,2,3,4,5,6
0,Population by religion 2011,,,,,,
1,Thakurgaon,,,,,,
2,,,,,,,
3,Upazila,Muslim,Hindu,Buddhist,Christian,Others,Total
4,Baliadangi,134442,12872,1,319,313,147947
5,Haripur,170360,69560,1,1373,2241,243535
6,Pirgonj,174163,45870,47,1074,1130,222284
7,Ranisankail,430712,144219,213,3642,2441,581227
8,Thakurgaon Sadar,156499,36902,1,1489,158,195049
9,Total,1066176,309423,263,7897,6283,1390042
