,0,1,2,3,4,5
0,Sanction post of Government employee by category 2011,,,,,
1,Noakhali,,,,,
2,,,,,,
3,Upazila,Class-I,Class-II,Class-III,Class-IV,Number of employee
4,Begumganj,149,125,1555,223,2052
5,Chatkhil,71,46,772,146,1035
6,Companiganj,71,32,855,194,1152
7,Hatiya,39,25,1171,99,1334
8,Kabirhat,26,17,190,91,324
9,Noakhali Sadar,215,161,2364,823,3563
10,Senbagh,75,61,903,160,1199
11,Sonaimuri,53,37,799,87,976
12,Subarnachar,25,12,235,47,319
13,Total,724,516,8844,1870,11954
