,0,1,2,3,4
0,"Area of high, medium and low land 2008",,,,
1,Upazila,High land,Medium land,Low land,Total land
2,Chandpur Sadar,2287,30130,10100,42517
3,Foridganj,1895,28457,1586,31938
4,Haimchar,275,12247,300,12822
5,Hajiganj,1015,25315,4495,30825
6,Kachua,11253,17000,30000,58253
7,Matlab Dakshin,2912,19806,296,23014
8,Matlab Uttar,4750,33961,5054,43765
9,Shahrasti,1950,26325,800,29075
10,Total,26337,193241,52631,272209
