,0,1,2,3,4,5
0,Existing position of Government employee by category 2011,,,,,
1,Narsingdi,,,,,
2,,,,,,
3,Upazila,Class-I,Class-II,Class-III,Class-IV,Number of employee
4,Belabo,34,19,174,78,305
5,Manohardi,53,14,1014,159,1240
6,Narsingdi Sadar,103,71,1762,331,2267
7,Palash,39,27,281,95,442
8,Roypura,53,20,506,130,709
9,Shibpur,72,21,379,107,579
10,Total,354,172,4116,900,5542
