,0,1,2,3,4,5
0,Sanction post of Government employee by category 2011,,,,,
1,Feni,,,,,
2,,,,,,
3,Upazila,Class-I,Class-II,Class-III,Class-IV,Number of employee
4,Chhagalnaiya,55,20,652,166,893
5,Daganbhuiyan,48,26,347,128,549
6,Feni Sadar,111,72,2124,317,2624
7,Fulgazi,31,18,195,92,336
8,Parshuram,44,39,218,113,414
9,Sonagazi,102,29,1136,62,1329
10,Total,391,204,4672,878,6145
