,0,1,2,3,4
0,"Area of high, medium and low land 2008",,,,
1,Kurigram,,,,
2,,,,,
3,Upazila,High land,Medium land,Low land,Total land
4,Bhurungamari,7386,27570,309,35265
5,Char Rajibpur,3203,11770,4713,19686
6,Chilmari,7778,30990,16821,55589
7,Kurigram Sadar,10350,22410,11240,44000
8,Nageshwari,32107,20156,12505,64768
9,Phulbari,29025,5805,3871,38701
10,Rajarhat,8216,20539,12323,41078
11,Raumari,15250,22000,3750,41000
12,Ulipur,13700,47200,8170,69070
13,Total,127015,208440,73702,409157
