,0,1,2,3,4
0,"Area of high, medium and low land 2008",,,,
1,,,,,
2,Upazila,High land,Medium land,Low land,Total land
3,Alfadanga,1472,17669,4418,23559
4,Bhanga,4217,12652,25303,42172
5,Boalmari,11951,14479,16870,43300
6,Charbhadrashon,13050,21328,10280,45258
7,Faridpur Sadar,17687,39488,7815,64990
8,Madhukhali,4756,28282,9508,42546
9,Nagarkanda,1403,11938,2103,15444
10,Sadarpur,2371,23862,25542,51775
11,Saltha,1339,10667,1995,14001
12,Total,58246,180365,103834,343045
