,0,1,2,3,4,5
0,Existing position of Government employee by category 2011,,,,,
1,Gaibandha,,,,,
2,,,,,,
3,Upazila,Class-I,Class-II,Class-III,Class-IV,Number of t total employee
4,Fulchhari,21,33,494,95,643
5,Gaibandha Sadar,187,370,2231,142,2930
6,Gobindaganj,32,47,1186,134,1399
7,Palashbari,53,47,711,104,915
8,Sadullapur,15,22,594,137,768
9,Saghata,15,37,192,20,264
10,Sundarganj,33,84,1187,266,1570
11,Total,356,640,6595,898,8489
