,0,1,2,3,4
0,"Length of metalled, semi metalled and unmetalled road 2011",,,,
1,Chandpur,,,,
2,(Kilometer),,,,
3,Upazila,Metalled road,Semi metalled road,Unmetalled (kacha) road,Total
4,Chandpur Sadar,229,8,293,530
5,Foridganj,263,3,822,1088
6,Haimchar,73,2.71,229,304.71
7,Hajiganj,118,0,469,587
8,Kachua,257,10,789,1056
9,Matlab Dakshin,87,14,192,293
10,Matlab Uttar,199,18.59,504,721.59
11,Shahrasti,141,0,554,695
12,Total,1367,56.3,3852,5275.3
