,0,1,2,3,4,5
0,Existing position of Government employee by category 2011,,,,,
1,Noakhali,,,,,
2,,,,,,
3,Upazila,Class-I,Class-II,Class-III,Class-IV,Number of employee
4,Begumganj,137,105,1450,205,1897
5,Chatkhil,53,18,714,128,913
6,Companiganj,40,27,605,141,813
7,Hatiya,33,14,929,68,1044
8,Kabirhat,19,8,141,11,179
9,Noakhali Sadar,118,102,2036,664,2920
10,Senbagh,38,33,795,110,976
11,Sonaimuri,36,28,645,68,777
12,Subarnachar,19,7,217,40,283
13,Total,493,342,7532,1435,9802
