,0,1,2,3,4,5
0,Sanction post of Government employee by category 2011,,,,,
1,Upazila,Class-I,Class-II,Class-III,Class-IV,"Number of
employee"
2,Bakshiganj,39,8,611,69,727
3,Dewanganj,31,22,305,148,506
4,Islampur,54,27,881,124,1086
5,Jamalpur Sadar,319,79,2126,669,3193
6,Madarganj,40,30,297,146,513
7,Melandaha,77,41,968,142,1228
8,Sarishabari,57,43,409,183,692
9,Total,617,250,5597,1481,7945
