,0,1,2,3,4,5
0,Sanction post of Government employee by category 2011,,,,,
1,BrahmanBaria,,,,,
2,,,,,,
3,Upazila,Class-I,Class-II,Class-III,Class-IV,Number of employee
4,Akhaura,38,18,568,52,676
5,Ashuganj,29,20,286,139,474
6,Banchrampur,51,25,400,117,593
7,Bijoynogor,24,16,145,53,238
8,Brahmanbaria Sadar,24,29,548,95,696
9,Kasba,41,29,276,103,449
10,Nabinagar,17,22,133,50,222
11,Nasirnagar,17,15,225,102,359
12,Sarail,49,27,407,123,606
13,Total,290,201,2988,834,4313
