,0,1,2,3,4,5
0,Existing position of Government employee by category 2011,,,,,
1,BrahmanBaria,,,,,
2,,,,,,
3,Upazila,Class-I,Class-II,Class-III,Class-IV,Number of employee
4,Akhaura,36,14,512,52,614
5,Ashuganj,19,15,190,88,312
6,Banchrampur,34,12,251,81,378
7,Bijoynogor,4,10,54,10,78
8,Brahmanbaria Sadar,22,26,468,85,601
9,Kasba,31,19,237,98,385
10,Nabinagar,14,14,110,41,179
11,Nasirnagar,12,14,215,73,214
12,Sarail,33,19,304,104,460
13,Total,205,143,2341,632,3221
