,0,1,2,3,4
0,"Length of metalled, semi metalled and unmetalled road 2011",,,,
1,Sirajganj,,,,
2,(Kilometer),,,,
3,Upazila,Metalled road,Semi metalled road,Unmetalled (kacha) road,Total
4,Belkuchi,68,1,277,346
5,Chauhali,32,0,106,138
6,Kamarkhanda,94,5,72,171
7,Kazipur,87,3,294,384
8,Royganj,128,0,643,771
9,Shahjadpur,95,22,236,353
10,Sirajganj Sadar,122,9,518,649
11,Tarash,115,12,441,569
12,Ullahpara,198,27,816,1040
13,Total,940,79,3403,4422
