,0,1,2,3,4,5
0,Existing position of Government employee by category 2011,,,,,
1,Jhenaidah,,,,,
2,,,,,,
3,Upazila,Class-I,Class-II,Class-III,Class-IV,Number of total employee
4,Harinakunda,31,20,572,221,844
5,Jhenaidah Sadar,103,101,1604,436,2244
6,Kaliganj,37,18,768,106,929
7,Kotchandpur,27,28,403,90,548
8,Mahespur,52,26,664,128,870
9,Shailkupa,36,23,720,177,956
10,Total,286,216,4731,1158,6391
