,0,1,2,3,4,5
0,Existing position of Government employee by category 2011,,,,,
1,,,,,,
2,Upazila,Class-I,Class-II,Class-III,Class-IV,Number of employee
3,Alikadam,9,12,208,67,296
4,Bandarban Sadar,22,13,150,56,241
5,Lama,14,29,285,129,457
6,Naikhongchhari,5,20,115,54,194
7,Rowangchhari,12,12,128,55,207
8,Ruma,13,16,105,64,198
9,Thanchi,6,7,163,27,203
10,Total,81,109,1154,452,1796
