,0,1,2,3,4,5
0,Sanction post of Government employee by category 2011,,,,,
1,Narsingdi,,,,,
2,,,,,,
3,Upazila,Class-I,Class-II,Class-III,Class-IV,Number of employee
4,Belabo,39,24,212,104,379
5,Manohardi,56,38,1067,188,1349
6,Narsingdi Sadar,135,90,1899,436,2560
7,Palash,41,34,345,119,539
8,Roypura,56,28,613,173,870
9,Shibpur,83,28,440,128,679
10,Total,410,242,4576,1148,6376
