,0,1,2,3,4
0,"Area of high, medium and low land 2008",,,,
1,,,,,
2,Upazila,High land,Medium land,Low land,Total land
3,Atpara,6899,27294,4802,38995
4,Barhatta,3867,31487,8743,44097
5,Durgapur,13802,22083,33125,69010
6,Kalmakanda,5253,34767,20512,60532
7,Kendua,5800,15200,20100,41100
8,Khaliajuri,82,14711,42370,57163
9,Madan,8832,13247,22080,44159
10,Mohanganj,886,9347,11207,21440
11,Netrokona Sadar,11792,43694,5708,61194
12,Purbadhala,19614,23267,13379,56260
13,Total,76827,235097,182026,493950
