,0,1,2,3,4
0,"Length of metalled, semi metalled and unmetalled road 2011",,,,
1,Manikganj,,,,
2,(Kilometer),,,,
3,Upazila,Metalled road,Semi metalled road,Unmetalled (kacha) road,Total
4,Daulotpur,19,3,50,72.38
5,Gheor,52,12,220,282
6,Horirampur,76,7,264,347
7,Manikganj Sadar,106,21,499,626
8,Saturia,95,15,350,460
9,Shibalaya,79,5,296,380
10,Singair,135,8,412,555
11,Total,562,70,2091,2723
