,0,1,2,3,4
0,"Length of metalled, semi metalled and unmetalled road 2011",,,,
1,Jessore,,,,
2,(Kilometer),,,,
3,Upazila,Metalled road,Semi metalled road,Unmetalled (kacha) road,Total
4,Abhaynagar,113,106,488,707
5,Bagherpara,135,70,482,687
6,Chaugachha,176,47,400,623
7,Jessore Sadar,194,260,806,1260
8,Jhikargachha,207,18,683,908
9,Keshabpur,147.9,80.8,602.2,830.9
10,Manirampur,300.3,122,973.97,1396.27
11,Sharsha,180.6,85.9,856.6,1123.1
12,Total,1453.8,789.7,5291.77,7535.27
