,0,1,2,3,4
0,"Area of high, medium and low land 2008",,,,
1,Pirojpur,,,,
2,,,,,
3,Upazila,High land,Medium land,Low land,Total land
4,Bhandaria,1642,17904,542,20088
5,Kawkhali,3206,12856,0,16062
6,Mathbaria,815,55212,783,56810
7,Nazirpur,10560,38839,7113,56511
8,Nesarabad,1796,31525,1018,34338
9,Pirojpur Sadar,1825,24350,6154,32329
10,Zianagar,6641,16735,0,23376
11,Total,26484,197420,15610,239514
