,0,1,2,3,4,5
0,Existing position of Government employee by category 2011,,,,,
1,Bandarban,,,,,
2,,,,,,
3,Upazila,Class-I,Class-II,Class-III,Class-IV,Number of employee
4,Alikadam,9,12,208,67,296
5,Bandarban Sadar,22,13,150,56,241
6,Lama,14,29,285,129,457
7,Naikhongchhari,5,20,115,54,194
8,Rowangchhari,12,12,128,55,207
9,Ruma,13,16,105,64,198
10,Thanchi,6,7,163,27,203
11,Total,81,109,1154,452,1796
