,0,1,2,3,4,5
0,Sanction post of Government employee by category 2011,,,,,
1,Kushtia,,,,,
2,,,,,,
3,Upazila,Class-I,Class-II,Class-III,Class-IV,Number of total employee
4,Kushtia Sadar,37,30,398,108,573
5,Bheramara,37,31,417,154,639
6,Daulatpur,31,17,235,122,405
7,Khoksa,37,22,232,85,376
8,Kumarkhali,51,23,338,142,554
9,Mirpur,64,56,800,167,1089
10,Total,257,179,2420,778,3636
